100 4950 0 14 70 22 21 99 5 75 91 74 64 62 50 94 10 22 86 76 30 70 49 97
8 86 71 49 68 53 31 15 49 3 18 29 73 66 25 93 74 67 66 34 68 89 98 79 44
47 39 75 59 46 68 81 65 95 53 56 75 79 1 65 91 72 66 47 9 95 2 64 33 73
65 86 63 88 2 84 19 72 8 35 49 94 25 49 17 57 80 74 41 18 64 51 57 1 67
3 44 25 14 0 23 65 62 68 20 69 80 69 85 3 72 53 98 53 5 12 52 74 33 96
58 97 69 20 9 94 23 23 58 10 86 86 51 49 21 53 96 38 88 72 45 74 90 75
11 64 57 90 50 38 44 37 65 35 25 34 24 84 70 70 69 95 76 41 56 96 33 96
80 37 47 46 75 47 25 59 73 24 15 49 20 70 38 78 68 25 100 2 42 9 96 38
23 77 12 100 41 26 70 23 0 93 65 3 99 39 22 62 93 7 81 14 45 8 69 65 82
23 95 8 10 11 37 85 25 39 100 65 30 45 24 49 11 50 22 15 4 94 96 87 72
12 94 35 8 10 4 78 61 50 4 90 50 76 99 14 10 6 95 84 66 61 23 85 63 82
71 79 11 94 5 98 46 7 78 55 73 44 47 50 68 10 3 85 89 85 11 93 75 8 23
12 71 27 66 44 84 50 22 65 93 0 23 9 52 77 34 38 100 84 2 14 20 51 89 88
18 11 41 38 23 12 9 72 73 79 98 22 97 83 77 43 18 58 40 18 28 49 59 36
97 7 9 85 8 2 20 62 77 14 87 99 93 5 46 82 99 20 23 84 82 50 7 7 99 82
40 88 62 22 94 55 21 92 50 93 37 23 98 92 16 6 36 77 72 54 39 81 73 75
55 55 41 22 51 81 31 99 21 62 65 23 0 68 69 80 79 63 23 78 84 98 46 19
78 92 42 74 69 89 90 45 52 94 72 88 19 85 68 59 83 96 5 86 10 21 72 47
51 51 69 70 51 76 88 19 94 40 88 43 64 37 10 84 87 78 82 91 20 98 98 64
99 60 30 36 51 21 79 59 89 7 100 71 59 31 37 79 78 43 71 75 91 15 72 79
85 69 56 46 47 21 85 92 73 11 5 75 99 68 3 9 68 0 2 67 26 46 87 53 77 24
50 28 36 10 54 10 11 38 95 35 65 61 30 93 35 38 46 67 59 60 96 7 65 31
42 84 24 18 26 86 20 39 91 82 3 40 99 79 18 82 24 88 54 75 35 19 14 7 46
34 96 4 26 25 22 55 59 9 71 16 91 3 30 22 74 79 5 11 21 60 75 81 13 60
83 62 49 82 62 36 18 79 51 23 92 17 5 20 99 52 69 2 0 51 34 83 79 27 84
92 36 58 74 11 9 45 51 94 40 6 59 84 54 36 85 78 62 2 16 60 88 65 88 88
2 85 70 43 80 2 62 63 29 15 14 19 68 68 49 12 1 30 7 25 79 22 61 7 83 1
12 11 63 7 29 18 86 70 87 24 96 97 34 93 20 53 53 28 23 10 94 86 88 30
42 75 78 100 54 22 69 20 27 88 14 48 75 69 39 77 80 67 51 0 5 12 24 41
68 31 30 77 79 68 55 16 39 2 13 52 91 28 89 54 64 64 94 46 38 17 28 77
86 61 71 69 52 83 92 52 98 22 79 55 57 20 80 92 9 10 61 52 91 14 82 43
50 75 20 2 36 68 37 42 14 50 10 30 64 36 3 92 18 43 68 22 68 5 90 7 79
33 31 31 63 73 79 79 26 7 42 23 70 39 9 43 91 80 22 34 79 26 34 5 0 33
60 37 80 67 80 44 16 54 1 29 39 52 39 18 15 90 56 25 75 73 23 19 34 63
32 48 29 47 60 57 68 78 22 69 94 23 27 70 77 43 93 5 43 78 6 4 62 70 8
19 76 16 45 100 47 74 34 6 25 8 84 81 40 12 74 53 29 11 21 10 33 81 26
68 7 89 27 88 30 10 40 62 28 34 21 52 38 28 73 98 74 69 62 38 63 46 83
12 33 0 73 18 14 91 49 100 50 11 40 20 33 83 7 51 76 26 12 36 40 23 66
41 19 80 24 45 63 76 41 2 29 77 24 16 2 16 84 91 21 98 20 56 26 47 57 55
44 94 79 66 21 16 82 69 28 63 63 55 10 60 72 38 42 35 35 46 25 28 37 96
61 54 64 49 98 38 33 68 55 40 14 74 78 44 90 21 68 100 63 12 64 85 93
100 23 87 79 24 60 73 0 51 45 92 89 53 68 98 12 26 94 44 99 4 78 8 96 93
44 59 100 99 53 53 78 73 72 17 35 93 53 34 40 86 95 34 45 69 81 63 76 45
27 88 99 27 66 83 71 26 23 14 97 76 90 14 40 62 54 35 88 35 12 88 65 78
44 65 97 99 51 28 23 21 29 50 7 44 93 25 63 2 68 98 3 89 39 93 8 85 62 3
7 84 78 53 27 41 37 18 51 0 17 5 66 59 66 60 78 68 89 44 12 30 1 82 78
87 35 74 99 71 10 65 58 62 60 14 17 87 71 10 83 37 5 63 76 12 74 19 98
22 43 6 10 97 10 2 37 56 24 5 29 61 28 55 100 29 32 89 17 12 97 90 17
100 63 100 76 85 26 4 38 86 85 61 27 84 13 26 24 57 39 10 5 82 39 15 99
25 50 72 81 2 84 77 84 68 80 14 45 17 0 29 37 88 41 34 38 21 88 6 5 36
64 73 15 1 11 54 16 58 36 47 71 70 76 84 11 89 85 75 68 84 100 36 79 7 5
50 52 10 99 48 77 91 53 54 84 75 71 44 5 99 76 73 25 71 17 17 63 20 25
91 57 62 57 90 22 86 56 61 69 28 26 54 73 44 2 49 97 67 13 1 68 94 94 32
24 32 94 53 14 14 98 24 92 31 67 91 92 5 29 0 16 30 24 10 25 64 21 61 21
45 23 51 6 5 8 49 54 46 85 19 67 58 35 81 78 95 74 40 27 50 79 97 58 36
59 63 17 14 89 78 5 29 80 98 85 92 47 53 61 78 99 64 97 53 20 9 45 47 59
89 36 42 78 3 52 8 22 36 40 40 51 42 73 72 18 59 100 92 78 68 58 87 70
69 100 25 10 98 45 20 46 50 36 30 80 49 89 66 37 16 0 46 63 83 94 60 82
24 39 70 33 80 99 72 24 90 5 79 57 27 80 78 65 23 48 7 7 32 11 48 80 19
26 47 39 57 34 93 54 31 23 46 20 21 74 39 43 99 24 79 91 65 19 70 3 92
72 92 86 34 65 23 26 99 77 72 25 40 67 38 49 98 11 59 3 11 7 53 91 99 98
57 68 42 32 96 22 53 8 51 19 28 58 77 44 100 53 59 88 30 46 0 48 56 31
79 9 42 40 72 15 43 68 22 80 71 29 21 89 41 8 87 40 49 87 12 59 100 48
95 2 9 71 38 43 86 14 2 90 98 98 22 82 13 37 58 27 66 40 9 61 92 51 7 45
65 23 65 38 74 55 3 38 98 73 47 82 17 59 65 79 72 77 2 88 78 16 17 12 53
59 92 92 39 64 84 86 5 69 89 78 36 74 79 16 50 68 66 41 24 63 48 0 92 58
19 24 86 45 57 45 47 13 56 33 8 69 91 3 82 53 62 51 47 74 5 17 57 31 95
68 59 50 77 75 37 19 37 8 86 34 70 74 32 23 4 67 78 85 67 10 27 31 81 99
28 71 2 73 83 66 96 23 12 15 50 71 35 33 60 73 6 74 14 77 5 68 41 60 78
99 43 12 14 21 59 76 12 65 88 92 10 11 68 54 11 98 60 34 10 83 56 92 0 6
59 89 87 20 10 4 1 73 1 65 47 5 25 25 60 51 23 13 60 79 24 45 9 47 69 29
20 66 49 69 96 45 78 22 90 78 51 39 42 20 14 49 42 13 22 42 46 67 61 10
40 95 59 55 94 31 79 12 45 80 4 90 85 70 91 94 41 29 92 15 63 84 7 91 42
56 68 50 63 19 9 30 52 82 18 42 54 9 55 1 40 12 78 38 25 94 31 58 6 0 63
54 21 90 87 77 42 64 36 65 44 22 11 85 68 7 29 84 6 93 66 66 38 31 87 50
59 71 97 13 24 18 40 82 11 20 3 81 7 55 72 49 98 37 35 56 90 55 1 40 32
100 70 90 91 96 47 39 71 15 61 14 29 61 73 79 13 80 54 80 26 34 69 29 61
80 76 55 80 99 97 70 74 23 11 74 10 45 16 29 20 26 68 21 64 60 79 19 59
63 0 21 51 14 92 67 41 14 70 55 25 77 54 100 14 79 98 20 58 8 87 66 86 1
2 63 62 82 77 88 81 75 73 64 77 66 41 30 60 53 60 76 65 24 31 1 14 51 8
6 42 76 99 90 76 92 84 82 52 94 17 52 91 52 40 29 47 46 47 23 7 19 45 19
16 17 2 7 19 61 78 49 33 95 41 69 11 51 39 39 33 94 89 88 21 82 9 24 89
54 21 0 39 20 49 4 73 61 25 55 74 72 14 40 48 94 42 21 80 34 45 89 6 4
11 55 33 53 100 91 61 25 52 75 5 92 19 81 97 61 60 45 5 51 94 89 64 72
77 26 32 57 38 94 96 70 80 47 40 72 56 76 66 91 47 34 30 5 87 25 75 9 16
43 64 62 34 58 3 84 1 97 96 8 38 89 38 94 2 52 83 44 44 6 61 24 42 86 87
21 51 39 0 42 45 34 79 70 65 30 90 39 12 76 18 16 52 22 72 9 76 14 85 5
25 18 57 10 47 56 91 35 79 48 80 56 23 16 36 9 2 77 7 5 44 39 4 37 92 79
24 8 31 73 60 91 41 67 36 79 49 63 73 51 78 17 12 7 44 45 26 5 55 90 70
30 52 51 38 35 39 8 58 10 23 90 95 40 13 39 7 99 12 5 21 39 40 45 20 90
14 20 42 0 68 99 94 100 36 69 20 98 33 60 41 52 71 68 28 60 45 92 75 24
40 32 19 47 48 34 73 10 26 49 6 12 75 41 76 56 32 1 4 32 57 39 91 20 83
44 18 28 1 41 24 19 1 70 28 58 65 50 82 93 23 82 26 49 4 90 14 22 100 93
8 67 83 45 4 55 1 86 97 11 12 45 35 6 52 18 51 4 30 36 45 70 72 57 10 87
92 49 45 68 0 40 64 16 47 88 20 80 43 82 77 25 80 87 46 86 83 83 60 91
61 20 92 21 63 98 99 43 2 34 3 24 30 16 26 81 16 39 52 98 50 16 12 64 1
52 72 92 26 61 29 97 85 5 68 14 44 32 34 86 97 76 14 40 89 48 22 44 58
80 58 76 64 30 64 18 92 71 69 37 9 52 65 59 91 15 76 78 1 64 23 33 15 45
4 77 67 4 34 99 40 0 6 62 35 51 25 78 54 61 85 30 32 55 4 74 23 77 35 65
3 4 77 57 80 82 33 23 87 12 5 18 96 27 44 35 58 61 64 13 45 68 36 71 23
17 51 53 76 30 21 64 14 54 36 29 34 85 23 80 17 53 61 81 86 65 8 18 49
79 93 44 10 59 15 97 72 49 20 85 72 94 61 84 28 90 26 8 82 73 51 80 43
47 1 42 41 73 79 94 64 6 0 36 99 58 46 68 90 64 47 68 47 55 3 12 64 51
18 39 40 60 87 94 60 76 65 21 17 63 90 38 4 51 64 7 89 64 1 71 27 15 22
54 48 83 47 25 63 23 39 36 39 69 77 74 25 85 19 94 42 57 42 46 89 3 47
20 48 32 29 95 8 30 6 91 53 68 9 25 73 72 30 54 89 56 12 96 78 15 6 99
68 13 73 64 14 61 70 100 16 62 36 0 51 3 5 32 69 40 90 45 5 17 92 38 59
19 56 31 63 1 93 43 87 35 7 13 55 72 9 77 10 13 73 38 22 46 10 72 1 25
39 78 100 18 28 75 38 43 89 47 8 68 40 94 94 37 4 75 27 24 89 65 71 30
39 27 37 94 66 22 97 86 53 64 35 53 94 39 79 88 93 36 54 25 36 93 87 1 5
72 22 56 1 36 70 25 65 36 47 35 99 51 0 68 4 60 86 13 14 88 38 38 7 40
25 18 8 4 18 47 84 75 47 90 8 4 20 16 29 77 35 4 88 17 52 43 87 99 99 73
95 78 36 98 45 40 29 92 93 41 55 70 40 81 32 24 62 83 68 59 25 51 85 12
43 16 41 1 100 22 96 32 46 7 5 31 23 100 98 19 35 85 64 75 40 44 35 11 8
24 80 33 65 65 55 55 30 69 88 51 58 3 68 0 18 48 78 98 11 29 96 6 56 46
6 76 77 98 32 57 14 98 94 18 10 15 72 18 42 56 62 82 28 99 66 31 32 62
17 71 62 50 99 12 68 89 86 23 76 90 48 7 93 45 53 19 10 80 83 87 47 87
79 50 28 72 36 21 4 16 6 27 72 21 96 15 23 65 22 85 38 78 64 73 23 59 74
54 49 90 71 8 47 44 25 74 90 20 20 25 46 5 4 18 0 15 25 16 60 69 25 88
30 88 51 60 26 85 56 60 67 90 66 56 48 8 83 43 98 98 27 31 82 32 64 10 9
27 18 4 70 35 50 9 47 20 97 41 63 89 69 59 100 13 94 86 80 17 86 31 67
60 71 97 22 41 27 71 73 67 72 46 30 78 71 49 58 30 97 68 46 62 94 23 66
100 99 16 54 5 29 69 5 22 77 72 39 98 80 78 68 32 60 48 15 0 82 42 87 53
79 62 85 56 60 25 69 58 58 55 46 95 17 51 82 90 58 70 31 47 88 82 58 46
73 5 56 61 37 63 78 96 11 63 79 79 46 54 19 83 13 26 58 78 14 68 79 39
32 55 84 18 41 57 49 57 57 48 1 44 60 64 68 12 86 3 10 45 83 59 67 2 46
19 41 99 71 58 46 79 21 91 25 11 54 14 12 33 43 54 90 69 86 78 25 82 0
81 59 31 14 14 76 30 9 17 83 42 45 36 76 11 42 35 47 59 43 4 16 38 19 49
42 89 5 41 51 4 41 47 12 20 73 45 84 81 24 84 38 87 56 91 98 1 70 40 84
70 73 82 60 21 9 37 18 94 46 48 88 94 69 54 83 5 50 18 86 24 77 83 59 16
38 34 19 53 10 36 85 57 89 3 25 85 100 40 76 60 82 61 64 40 13 98 16 42
81 0 86 19 76 13 18 87 22 45 5 81 65 53 93 4 61 50 6 24 44 59 40 69 61
55 63 3 47 33 59 57 24 20 13 65 22 13 36 32 90 99 24 74 26 96 70 43 65
14 74 91 67 87 74 59 8 53 35 19 14 55 29 88 53 11 81 70 10 29 86 49 43
96 60 60 17 63 80 53 65 47 19 27 41 82 60 68 14 48 18 41 77 85 47 90 14
11 60 87 59 86 0 96 84 6 81 62 74 11 85 68 74 50 87 36 45 65 74 50 21 20
47 93 44 96 31 75 31 60 99 48 5 1 1 82 1 68 30 45 53 77 52 5 55 84 95 56
43 90 62 43 24 15 12 49 76 13 21 55 15 2 82 15 99 41 79 97 91 73 51 11
18 5 96 88 28 32 24 78 58 71 67 80 8 53 51 7 79 94 16 52 25 30 68 45 88
29 69 53 31 19 96 0 59 85 56 6 58 96 41 100 94 92 81 72 22 48 10 72 15
38 43 47 39 12 39 4 41 71 98 5 22 75 38 13 70 32 3 16 35 8 100 98 87 43
58 57 81 22 46 73 47 26 3 87 10 38 59 64 8 82 98 58 54 63 7 55 87 66 49
50 58 86 7 65 77 48 45 73 62 70 58 78 87 62 23 29 98 42 52 71 80 32 47 5
38 96 25 79 14 76 84 59 0 44 80 91 38 95 6 65 86 81 32 98 50 71 76 93 70
11 90 37 5 92 65 62 1 81 88 51 30 56 19 16 46 54 77 79 22 94 27 81 35 42
58 28 77 61 13 64 54 4 54 79 4 74 36 53 78 43 11 55 53 95 46 49 87 25 21
22 40 10 65 88 86 29 63 72 60 76 35 65 40 51 13 84 20 21 22 68 87 55 55
17 38 6 88 62 14 13 6 85 44 0 70 82 6 49 30 68 85 12 31 7 43 13 73 34 81
91 54 100 14 40 4 71 26 30 11 78 78 25 12 23 94 62 88 28 61 24 60 77 29
38 53 37 28 32 36 35 71 58 38 22 28 92 27 99 13 83 50 28 80 92 91 38 96
93 53 15 18 21 31 88 61 47 76 17 14 84 81 23 49 47 60 6 58 80 72 28 46 4
3 92 7 56 30 85 76 18 81 56 80 70 0 59 66 19 58 94 51 100 51 19 53 22 15
45 50 36 33 98 67 36 33 37 64 88 50 7 28 28 66 12 88 94 11 92 63 73 98
66 51 31 70 69 61 62 8 69 8 3 42 37 55 76 33 58 66 76 94 65 64 58 81 1
15 74 96 4 28 72 42 2 71 60 41 35 17 11 78 48 87 74 79 93 8 34 9 60 86
74 12 38 40 46 88 56 30 87 62 6 91 82 59 0 78 6 74 92 6 79 90 8 22 100 8
55 71 82 28 86 49 59 93 8 87 6 96 20 69 42 25 88 59 75 67 86 49 81 75 36
18 94 8 47 40 62 87 74 94 55 29 47 9 32 4 68 85 60 57 2 13 57 83 81 46
67 38 94 49 47 84 85 69 57 2 93 87 89 95 7 12 5 24 66 87 45 76 45 83 23
64 59 25 6 51 60 9 22 74 58 38 6 66 78 0 72 56 46 9 4 18 59 76 31 73 27
36 62 70 74 87 36 71 28 99 84 5 34 88 77 70 81 13 41 22 28 58 46 56 19
96 97 73 90 38 6 38 89 64 50 74 9 64 67 77 99 52 37 44 60 90 35 44 97 43
66 88 96 59 51 24 70 52 68 29 53 71 85 74 7 59 17 45 66 66 89 14 92 83
77 51 19 18 76 60 25 17 45 11 96 95 49 19 6 72 0 46 52 98 26 59 56 23 16
72 64 91 33 27 82 10 40 82 24 82 85 62 7 3 30 56 54 56 4 98 81 93 50 49
1 57 21 95 17 3 15 100 15 7 88 47 73 98 78 86 43 80 84 6 7 75 55 60 90
35 34 72 87 36 51 18 43 83 78 77 34 10 75 40 32 100 57 9 38 86 6 85 75
60 35 18 56 8 77 26 69 83 5 85 41 6 30 58 74 56 46 0 31 84 10 2 91 29 61
59 50 71 86 43 69 72 66 59 55 42 71 33 57 77 32 70 58 71 75 29 89 61 31
79 90 67 13 17 42 7 85 95 13 9 44 83 69 52 51 16 56 85 76 54 38 84 46 17
93 37 68 45 72 97 69 26 80 92 22 24 40 83 68 27 11 48 31 47 31 1 4 5 24
91 65 39 31 4 98 85 58 42 81 68 100 65 68 94 92 46 52 31 0 91 4 89 42 18
16 27 69 54 40 3 52 81 26 3 1 70 15 90 80 40 47 27 28 39 89 20 79 34 18
43 70 45 34 61 17 37 20 85 7 49 3 22 64 85 64 94 88 87 24 48 67 37 46 93
62 95 89 74 12 7 70 86 2 52 69 16 86 37 84 50 48 95 95 69 87 2 11 25 40
61 3 40 63 18 32 56 58 45 65 74 94 86 85 51 6 9 98 84 91 0 91 96 53 54
10 57 23 81 62 93 92 99 98 70 55 97 9 5 1 25 34 44 14 16 8 95 34 66 8 88
98 39 68 21 68 13 90 83 71 10 20 66 70 94 85 9 16 60 16 16 68 88 66 14 6
75 98 90 94 9 51 20 62 98 94 2 95 5 100 79 80 2 68 29 50 63 55 18 32 20
4 60 1 47 57 60 55 36 53 50 92 81 12 100 79 4 26 10 4 91 0 72 99 77 18
35 11 97 61 60 28 36 53 67 39 23 5 90 30 86 1 42 29 45 66 25 4 88 64 98
82 68 1 20 42 10 26 58 40 81 75 70 64 1 76 21 39 23 25 57 1 63 77 13 66
92 79 75 35 85 76 39 63 22 23 16 34 63 36 97 19 9 59 20 59 62 33 57 19
92 77 87 93 84 14 67 46 76 93 87 81 32 31 51 90 18 59 2 89 96 72 0 19 60
86 11 66 79 69 95 65 73 58 94 17 29 92 23 50 29 94 67 53 97 38 2 14 4 70
98 43 33 64 82 9 9 92 6 18 14 67 32 9 78 98 57 16 90 97 76 41 52 45 81
87 32 44 11 8 8 88 91 29 79 27 84 45 76 79 58 26 71 50 66 71 82 53 10 47
21 57 94 43 75 98 90 95 11 4 36 72 98 7 19 8 59 56 91 42 53 99 19 0 82
30 19 91 77 54 79 1 50 74 77 49 87 63 70 97 51 32 63 69 29 28 60 73 15
23 4 27 59 98 51 1 72 100 95 45 100 29 53 74 88 84 2 59 54 91 80 28 66
74 32 56 42 47 64 10 2 19 82 15 55 70 91 69 12 7 36 47 38 77 49 97 77
100 47 48 63 80 60 87 47 94 66 17 42 61 45 22 50 43 53 22 76 23 29 18 54
77 60 82 0 80 39 11 14 89 65 94 26 67 18 27 17 63 92 21 25 36 5 68 59 96
82 76 82 26 13 29 96 53 76 81 22 45 36 19 2 85 49 38 62 32 49 38 97 95
68 91 32 26 41 97 98 39 57 4 20 94 3 14 57 77 21 81 74 5 59 39 43 75 69
13 88 91 56 34 98 82 76 35 90 18 56 51 35 50 65 48 71 13 22 100 31 16 61
16 10 18 86 30 80 0 5 79 87 13 37 35 58 45 74 1 96 7 95 75 94 44 98 99
59 21 62 72 45 84 15 74 78 4 52 61 38 37 62 41 82 73 16 21 91 56 26 71
43 46 67 46 99 18 56 100 99 75 90 78 62 40 40 19 20 43 98 63 19 50 63 57
86 37 96 24 81 61 91 73 99 33 65 7 8 10 48 82 47 6 74 10 76 73 15 8 73
72 59 27 57 35 11 19 39 5 0 52 82 36 2 96 88 37 13 46 16 29 55 54 69 7
88 25 90 87 22 91 7 61 74 57 62 37 33 40 5 9 93 71 96 87 84 12 14 62 61
49 60 59 64 84 92 70 36 48 45 59 50 61 77 88 99 68 80 93 20 76 98 52 17
34 14 19 45 18 75 25 35 10 43 23 21 13 4 15 8 90 59 24 50 72 93 34 45 55
27 64 50 69 23 11 66 91 11 79 52 0 40 62 66 99 97 8 15 64 98 36 61 94 97
92 74 77 22 93 60 78 22 16 11 66 56 37 71 49 54 97 64 5 29 34 35 19 91
83 46 77 19 78 90 34 4 31 78 58 67 46 38 50 14 43 79 68 92 5 56 45 22 10
14 93 2 37 78 40 73 52 79 26 2 87 17 55 20 72 83 58 43 44 21 15 70 81 50
71 36 91 71 54 81 97 79 77 14 87 82 40 0 82 81 80 75 60 86 43 66 30 79
79 89 30 93 30 51 23 83 90 19 83 8 81 20 95 27 49 64 35 41 41 54 35 72
35 46 76 81 14 62 21 16 48 29 66 54 77 28 68 44 4 87 64 18 49 9 43 26 27
43 99 89 54 90 8 22 82 64 75 48 49 34 12 63 72 16 18 43 70 4 59 20 38 11
91 36 82 62 33 86 40 62 61 69 54 89 13 36 62 82 0 50 100 91 99 56 80 38
4 61 13 24 1 53 55 51 85 35 20 16 38 61 31 100 23 16 30 67 60 14 78 34
29 43 75 82 86 34 21 79 74 40 68 92 94 98 56 2 81 37 90 99 37 82 12 10
78 47 88 6 48 78 31 98 86 90 11 77 5 80 6 3 5 90 9 29 42 98 31 16 40 47
43 90 54 33 28 70 27 43 3 93 60 95 79 65 37 2 66 81 50 0 63 100 32 12 44
4 85 88 91 2 26 5 60 93 80 33 45 98 4 66 86 43 33 35 77 48 28 17 1 48 97
65 89 36 12 24 98 69 26 53 47 64 60 23 33 26 65 65 50 93 10 24 1 61 6 57
99 10 77 5 23 98 34 78 20 66 92 56 12 24 18 38 77 77 56 98 47 38 69 93
47 37 100 98 86 74 82 69 52 92 28 65 1 94 35 96 99 80 100 63 0 11 100 22
74 78 4 29 45 65 1 13 44 36 20 91 9 40 39 83 12 29 82 15 63 12 6 13 43
17 35 65 38 51 45 32 23 46 49 10 17 57 5 49 12 98 95 35 76 5 84 88 30 52
4 55 27 97 91 29 46 22 70 51 3 41 19 23 75 30 96 4 10 35 62 27 88 19 61
44 39 5 14 67 49 87 10 72 81 99 36 73 50 26 58 88 97 75 91 100 11 0 42
98 33 4 26 83 98 94 28 64 58 73 76 35 74 60 76 76 2 52 7 41 41 1 91 16
18 26 4 53 23 23 30 50 89 35 3 49 43 57 86 11 36 61 53 25 99 46 87 54 7
91 62 44 66 10 53 80 20 82 74 39 81 30 81 16 41 16 27 51 13 4 82 31 82
49 55 96 12 92 40 36 59 36 40 66 26 98 53 58 74 67 45 37 8 60 99 32 100
42 0 40 53 83 33 61 62 58 46 66 81 44 79 68 43 78 89 45 87 98 87 87 35
31 85 57 35 21 63 93 12 34 44 50 26 52 31 16 27 6 65 71 85 58 56 34 14
82 78 75 25 14 70 94 83 2 54 98 21 13 32 42 7 60 97 36 76 26 44 64 73 88
28 82 58 42 63 31 39 65 4 33 93 71 82 59 3 70 67 94 77 18 74 13 15 86 56
12 22 98 40 0 70 83 38 9 72 88 55 55 64 43 21 60 32 77 51 16 12 15 40 24
26 40 20 43 95 21 60 72 51 63 65 66 42 100 80 46 72 30 56 19 19 41 75 24
10 99 82 35 79 82 8 79 71 37 84 85 74 37 23 20 55 53 61 9 56 81 35 7 38
17 99 32 46 89 3 75 4 62 71 37 8 28 24 55 1 55 39 17 49 27 1 46 64 43 80
44 74 33 53 70 0 72 47 60 48 79 82 8 86 96 97 93 88 48 56 61 54 97 87 89
69 24 82 45 79 23 66 56 67 37 3 77 62 47 42 27 92 74 4 17 89 33 79 84 6
20 91 19 22 43 19 66 26 56 75 92 39 58 4 14 72 60 60 2 32 16 58 89 22 52
66 64 73 5 47 31 41 1 26 64 87 99 82 42 70 97 23 29 87 17 96 16 98 66 38
4 78 4 83 83 72 0 52 59 63 27 25 30 82 81 36 56 71 93 20 97 86 82 42 45
65 91 56 74 24 90 17 81 73 34 20 79 86 85 1 75 66 12 32 84 43 24 1 70 95
23 20 14 61 50 76 21 23 24 71 47 43 27 67 49 49 76 45 77 1 39 61 64 46
43 31 10 5 41 33 60 71 81 30 88 6 84 85 71 15 9 5 92 63 63 7 29 36 30 4
85 4 26 33 38 47 52 0 39 39 15 60 47 46 28 24 90 95 60 72 98 59 88 40 3
78 1 73 93 81 94 57 41 21 15 88 41 10 77 9 95 20 61 78 93 16 88 65 70 84
84 98 7 7 75 16 16 14 5 44 53 99 66 78 42 98 65 5 7 4 52 64 1 10 87 32 9
56 51 59 99 98 88 11 50 96 5 62 33 90 5 90 23 70 92 95 55 61 79 61 88 29
83 61 9 60 59 39 0 36 60 10 50 81 34 10 71 62 45 61 31 11 66 36 28 9 84
61 9 11 7 76 41 66 95 78 16 87 73 67 35 78 56 28 97 37 84 91 69 66 82 98
46 83 20 45 82 97 29 5 61 24 40 85 13 37 24 51 5 32 98 13 71 72 99 62 27
61 4 57 48 5 51 78 7 20 34 7 57 80 1 30 50 97 21 75 54 94 79 13 91 45 98
62 72 48 63 39 36 0 53 7 91 30 60 65 97 19 5 83 55 40 63 90 71 52 56 48
59 24 72 12 31 79 95 90 29 92 55 29 33 92 94 24 51 69 66 72 95 61 50 64
34 1 2 100 69 76 61 99 78 79 9 67 22 35 31 94 44 57 50 45 27 1 99 17 18
37 41 24 5 22 30 78 28 69 88 3 77 40 25 86 29 51 25 94 69 97 89 24 2 65
94 58 88 79 27 15 60 53 0 92 8 63 97 21 54 5 38 96 59 85 87 76 70 79 5
89 37 34 82 86 54 30 20 85 17 26 37 75 93 43 28 9 42 8 65 66 76 23 7 99
96 12 36 47 28 90 28 76 99 91 61 10 42 56 1 89 39 39 16 68 15 25 73 71 4
63 47 20 1 75 56 25 28 42 77 30 32 47 34 1 94 32 36 44 7 92 30 1 26 1 28
46 55 82 25 60 10 7 92 0 98 30 11 83 41 96 80 44 1 69 13 48 71 59 34 55
1 36 85 10 69 8 24 74 3 64 7 65 37 4 26 83 47 77 56 47 41 85 7 60 4 11
68 74 63 14 55 73 64 65 92 27 46 90 14 64 4 91 12 36 22 39 95 62 70 78
12 13 1 38 19 12 66 25 70 56 70 27 44 42 67 63 5 98 88 74 93 53 5 13 64
66 55 8 30 47 50 91 8 98 0 23 95 30 47 39 72 51 93 46 31 73 9 37 88 30
21 74 33 46 4 82 43 68 100 25 87 6 91 30 8 39 5 73 31 9 56 63 99 30 26
63 37 34 63 40 100 25 97 19 51 31 67 55 51 72 37 20 64 71 54 78 78 50 35
96 20 65 82 13 16 23 12 88 81 54 58 28 14 29 53 69 68 99 25 77 30 55 60
44 58 81 64 86 82 46 81 30 63 30 23 0 26 10 46 7 92 38 92 76 51 71 42 92
40 68 54 35 18 96 29 53 90 78 20 69 14 37 86 92 61 60 96 13 61 95 96 82
82 36 25 7 42 6 55 62 29 71 53 70 7 81 61 1 8 77 92 83 1 23 48 100 36 99
50 11 73 22 1 70 46 94 88 59 13 56 71 39 16 45 97 29 59 59 90 22 51 51
93 36 73 44 43 96 81 28 34 60 97 11 95 26 0 59 22 26 54 80 73 85 17 75
67 10 74 45 33 16 44 7 15 35 25 30 38 32 13 11 70 86 83 33 2 70 41 2 33
71 40 51 22 29 14 25 10 54 32 17 20 3 45 99 10 40 6 26 79 44 52 17 83 18
98 12 9 63 45 13 68 32 54 62 94 75 41 4 75 89 8 66 38 28 96 21 87 93 23
85 80 20 76 79 21 97 36 24 10 65 21 83 30 10 59 0 31 22 17 67 50 34 50
82 73 41 78 50 31 60 3 67 45 89 1 44 27 43 89 56 50 27 62 56 7 66 87 64
96 79 88 21 55 18 50 8 60 35 89 17 9 92 65 28 40 32 42 32 24 18 72 51 47
28 45 68 47 79 84 36 30 3 77 88 11 67 22 98 29 20 95 25 2 60 82 62 22 60
83 35 33 91 35 68 60 93 56 90 71 97 54 41 47 46 22 31 0 86 68 37 28 64
77 22 25 22 81 82 60 60 90 75 4 58 78 17 19 63 35 28 80 95 81 90 87 50
68 33 80 11 62 79 59 86 10 84 72 88 17 63 45 72 23 71 95 100 76 57 8 28
92 53 25 75 40 89 20 79 81 32 45 16 79 28 92 86 28 81 89 79 34 4 14 73
76 72 91 78 90 20 45 9 74 43 32 88 71 95 62 19 5 96 39 7 26 22 86 0 31
97 79 2 48 65 49 44 75 67 91 20 4 33 31 57 53 10 48 20 48 11 15 41 48 18
58 21 86 73 37 94 22 59 9 70 30 81 38 35 12 20 47 92 65 2 59 70 99 38 31
1 26 76 63 38 29 86 97 46 24 90 53 35 22 61 63 49 58 93 61 34 66 88 4 15
82 45 7 22 19 16 98 40 60 78 77 48 93 60 45 5 38 80 72 92 54 17 68 31 0
83 68 92 47 54 50 12 18 38 40 57 60 66 73 92 68 75 31 4 45 70 7 88 91 63
8 95 24 65 47 5 94 89 71 87 64 40 42 12 97 25 59 86 38 73 55 90 90 94 73
41 61 30 23 43 92 23 41 54 84 99 77 8 94 24 73 81 46 50 31 18 8 64 70 23
26 84 61 16 83 38 4 39 76 89 51 56 20 72 61 83 96 44 51 38 80 67 37 97
83 0 21 88 95 7 9 16 75 71 89 94 73 46 32 3 68 25 19 60 32 31 40 8 42 55
40 55 48 86 46 98 55 7 16 24 36 12 35 88 90 91 89 34 74 83 94 91 76 96
60 24 29 21 39 89 93 76 63 19 38 24 52 100 27 60 98 75 56 49 79 43 88 98
98 4 13 15 74 11 8 61 66 83 76 45 16 61 97 98 31 55 59 1 93 92 73 50 28
79 68 21 0 5 52 86 77 62 39 9 42 13 39 55 30 41 2 95 74 34 38 74 57 44
84 65 21 73 36 63 75 46 21 100 91 96 3 74 35 65 17 57 36 65 55 66 31 96
92 70 91 19 97 64 36 47 41 90 89 83 87 74 5 98 81 77 66 36 19 1 90 70 98
82 43 27 29 74 57 66 81 31 86 12 2 87 12 54 86 59 11 40 85 69 46 76 85
34 64 2 92 88 5 0 26 34 5 59 55 47 62 23 43 55 24 43 36 100 35 79 94 50
57 88 33 43 60 79 64 88 47 7 92 71 3 97 92 53 46 78 100 62 42 23 3 96 79
47 84 80 41 1 85 14 39 8 55 48 69 13 56 26 55 87 35 29 51 18 96 57 67 45
39 68 33 59 96 78 62 56 20 100 43 29 52 98 15 97 82 88 66 63 87 13 31 51
17 50 77 48 47 95 52 26 0 48 93 26 50 29 91 84 55 28 42 67 59 99 27 16
99 15 45 33 40 25 64 4 97 2 25 78 50 59 30 34 18 29 25 44 63 57 78 26 38
23 12 39 82 47 67 70 5 54 69 68 70 7 59 26 91 96 84 43 42 38 31 94 97 21
13 34 68 1 64 98 53 4 37 37 95 23 33 82 7 87 40 87 42 40 36 90 76 48 73
71 75 82 22 65 54 7 86 34 48 0 72 74 67 75 64 77 21 45 63 86 61 58 71 42
17 62 6 2 92 90 25 32 84 84 59 55 93 31 22 93 43 11 28 65 100 90 3 99 98
12 45 71 52 40 36 28 68 36 77 40 40 93 100 58 98 70 95 58 58 53 70 8 73
95 17 61 21 20 82 51 76 52 33 71 27 16 35 15 41 87 24 89 45 3 28 71 70
71 9 42 67 73 25 49 50 9 77 5 93 72 0 23 49 35 12 78 29 41 40 14 48 96
68 90 16 75 44 67 90 55 98 55 42 19 73 73 37 37 74 20 68 21 37 97 76 22
52 77 73 15 80 15 94 72 79 58 14 29 74 94 81 45 13 78 1 43 56 57 28 37
69 47 90 17 42 17 68 42 9 1 81 61 40 49 49 30 77 63 41 35 26 69 65 78 9
52 79 59 37 92 10 41 22 44 12 16 62 59 26 74 23 0 66 71 42 61 27 31 67
80 13 15 51 12 79 16 16 93 22 78 79 51 64 72 24 44 23 79 79 53 22 10 96
99 85 86 8 72 47 50 4 61 17 56 49 65 44 34 25 94 32 53 94 14 70 65 43 81
77 28 61 40 38 3 7 37 13 10 9 72 22 38 5 54 64 67 48 12 1 31 40 24 91 1
84 56 5 34 88 40 74 78 81 75 18 75 39 55 50 67 49 66 0 56 28 46 49 35 32
73 5 18 78 17 39 85 3 15 41 73 43 45 61 8 15 47 98 78 5 53 68 33 61 51
26 56 22 25 82 71 90 14 52 76 63 50 32 85 85 37 24 19 86 68 40 14 90 22
61 32 62 62 6 15 85 20 90 26 92 100 45 37 9 97 35 60 28 6 91 85 20 82 56
73 61 48 89 55 30 68 45 50 82 67 38 71 9 47 29 75 35 71 56 0 71 97 13 91
45 4 77 23 73 40 53 69 75 39 96 24 35 14 65 35 49 50 92 43 11 28 5 81 54
28 4 61 36 40 17 35 85 29 91 66 73 82 34 23 19 4 62 10 80 79 84 74 62 46
13 36 8 87 38 100 95 85 83 58 6 95 36 62 93 64 41 14 17 13 16 57 43 45
74 93 9 59 37 1 21 54 33 31 60 91 40 89 42 62 91 64 12 42 28 71 0 6 25
98 35 87 52 44 27 69 82 71 34 14 67 74 20 40 37 49 20 68 16 71 21 23 90
26 64 23 38 69 40 67 59 33 70 61 52 91 51 93 86 80 94 75 83 80 17 39 70
91 43 73 64 35 69 74 89 15 13 7 71 40 18 45 19 41 71 5 41 78 1 43 18 35
95 79 24 81 11 24 34 36 74 35 16 60 60 20 57 94 13 23 84 77 78 61 46 97
6 0 16 17 8 72 86 7 51 67 31 83 60 98 99 61 51 38 91 94 70 10 6 75 60 10
7 68 49 21 86 28 40 38 65 60 91 73 40 47 78 23 97 17 42 27 68 83 86 32
73 67 24 47 54 71 8 94 64 7 9 49 10 81 14 100 2 82 96 29 54 34 48 17 26
21 21 23 90 94 7 72 82 85 33 18 44 3 90 4 60 73 39 43 55 21 29 27 49 13
25 16 0 8 84 70 64 77 47 79 70 34 18 29 28 11 53 10 34 25 38 3 36 91 75
94 79 7 98 29 85 26 51 49 79 73 94 79 29 34 17 82 76 53 57 24 59 87 31
55 82 87 15 26 4 58 3 55 50 88 44 3 20 75 67 29 85 73 87 34 35 29 97 35
4 63 60 66 17 57 76 12 86 10 46 96 7 67 75 33 66 46 55 55 28 45 41 31 35
91 98 17 8 0 99 66 58 37 9 75 52 30 62 92 33 1 63 16 16 49 78 85 77 15
81 86 33 89 38 50 61 54 42 98 72 6 41 13 47 30 12 26 14 61 42 89 25 47
67 84 60 74 12 3 54 38 42 29 74 47 83 22 66 70 32 53 49 16 84 35 72 43
65 65 53 93 72 56 81 41 41 31 54 69 4 29 15 45 4 31 73 32 30 24 42 63 40
67 32 45 35 8 84 99 0 13 82 11 21 19 58 33 3 58 7 86 55 4 47 17 68 89 72
72 13 88 31 27 33 7 27 73 73 11 77 74 29 80 46 5 7 49 40 81 46 65 51 87
60 18 21 59 49 87 79 22 37 47 9 73 69 64 70 64 9 74 38 21 12 19 35 75 89
38 23 12 51 67 73 21 66 79 30 8 82 53 35 89 58 57 92 3 41 43 67 86 14 80
73 4 87 72 70 66 13 0 63 6 15 32 31 70 1 45 16 98 65 40 44 57 25 85 54
79 60 30 31 88 68 44 84 44 72 59 2 14 92 54 47 87 44 4 89 86 89 71 85 79
71 41 9 8 76 10 4 28 55 9 64 98 52 85 94 1 78 88 62 91 14 91 46 82 36 51
23 34 63 37 34 15 95 95 20 24 43 90 25 1 78 53 68 68 2 36 59 61 48 13 5
77 52 86 64 58 82 63 0 24 44 15 29 13 99 8 2 59 46 88 8 80 100 11 39 85
83 42 63 30 55 93 13 2 18 3 88 77 15 80 23 25 45 90 48 65 3 30 12 50 97
57 37 53 13 38 74 92 76 32 67 78 51 64 85 76 98 84 32 56 62 83 76 86 12
45 30 44 65 3 20 88 78 90 85 74 68 78 30 44 17 10 75 25 95 100 99 58 96
15 18 23 44 7 77 37 11 6 24 0 14 47 82 36 40 28 22 78 36 19 17 74 2 93
81 69 62 75 73 10 40 25 26 49 59 11 78 5 63 26 7 75 26 14 22 8 47 39 43
28 22 49 18 35 21 59 36 27 33 4 77 86 16 94 9 21 57 2 49 26 61 46 81 34
24 32 50 50 66 77 79 41 16 29 17 3 100 20 38 27 19 48 31 19 74 35 27 71
68 51 78 73 27 51 47 9 21 15 44 14 0 16 78 75 50 23 36 53 83 71 77 41 42
75 73 56 49 78 79 40 14 63 24 97 100 7 16 68 84 34 19 9 5 22 44 18 20 27
16 72 41 57 94 19 55 64 53 99 58 68 99 43 56 88 16 39 16 59 38 71 49 77
14 21 98 23 89 26 42 62 86 10 87 92 26 64 25 69 32 43 63 20 4 60 34 79
16 42 90 12 17 40 69 67 79 75 19 32 15 47 16 0 13 6 2 30 54 47 27 57 97
18 9 8 75 46 82 100 79 62 74 2 57 67 92 53 17 41 7 69 45 16 55 100 58 49
48 37 41 36 27 57 46 14 15 8 78 13 66 85 52 80 85 87 60 23 90 54 97 43
60 19 62 79 69 46 35 52 100 47 85 77 73 55 37 7 87 14 13 89 35 48 45 32
38 94 99 17 16 79 39 53 82 31 70 52 58 31 29 82 78 13 0 35 30 23 12 74
60 41 83 64 96 23 55 47 62 54 26 28 78 68 39 13 78 91 12 60 91 29 19 43
90 93 80 79 32 94 1 21 71 48 48 55 2 82 43 83 76 60 37 84 76 24 16 25 97
91 95 46 59 78 21 74 26 49 3 31 80 42 1 9 67 29 75 65 6 37 11 56 28 11
70 31 74 50 15 62 75 16 85 69 71 83 34 30 33 70 13 36 75 6 35 0 59 32 52
5 62 83 87 51 38 12 55 21 36 22 7 34 44 98 10 1 68 99 53 78 42 61 16 64
70 8 58 93 29 66 100 4 73 1 88 29 82 98 11 50 94 57 44 6 54 48 16 57 76
80 68 67 64 90 16 40 53 10 49 16 46 27 75 95 35 33 93 37 91 86 70 50 80
15 7 40 57 57 45 6 44 16 3 75 34 60 18 62 3 1 99 40 50 2 30 59 0 15 85
43 98 25 8 57 23 71 41 85 18 69 42 21 90 3 5 68 58 98 59 99 56 80 17 62
30 67 76 44 95 22 22 16 67 44 94 88 15 58 55 28 65 2 60 7 38 67 68 1 41
28 91 46 84 34 48 68 47 17 43 27 72 92 66 20 78 92 43 4 30 92 86 27 95
41 88 8 44 88 33 2 67 93 15 39 14 98 29 92 58 45 8 28 23 30 23 32 15 0
90 91 68 21 57 1 77 27 22 92 79 20 23 52 21 89 82 94 87 57 92 43 68 76 2
34 52 83 64 10 8 97 96 6 72 60 69 53 99 54 53 80 64 13 90 75 84 37 88 63
52 66 32 99 92 4 29 92 64 57 57 6 30 74 12 61 56 94 28 26 8 61 83 62 81
48 91 42 84 33 40 92 90 22 41 96 67 99 28 33 7 16 2 22 36 54 12 52 85 90
0 32 11 95 91 67 12 66 51 73 51 27 70 38 68 39 39 94 70 68 92 12 50 55 7
58 51 45 30 59 30 86 32 27 46 64 54 11 41 63 95 92 58 57 35 55 46 46 66
77 45 74 26 18 70 31 66 94 60 5 86 65 56 4 32 78 28 24 9 83 39 60 33 56
90 18 63 55 65 43 25 90 55 78 73 24 74 61 11 1 86 98 59 78 53 47 74 5 43
91 32 0 71 86 97 3 100 44 81 11 23 88 39 28 100 93 15 32 69 42 39 14 63
80 19 3 38 4 64 15 6 53 46 72 30 68 83 81 79 7 46 91 81 83 44 60 17 93
14 13 81 32 41 56 36 78 54 98 23 49 11 71 19 17 84 93 97 51 42 47 5 96 2
7 87 58 8 40 21 60 64 25 98 79 43 35 20 51 53 63 55 65 46 36 83 27 60 62
98 68 11 71 0 48 7 44 41 84 31 5 92 14 9 73 63 8 99 24 100 32 64 21 19
99 61 84 35 55 18 97 91 64 7 21 78 12 5 70 97 55 49 38 1 81 97 90 93 62
6 66 87 56 97 100 48 58 77 56 33 12 36 85 19 89 43 16 37 69 8 77 73 13
70 66 50 21 95 55 73 79 4 32 55 51 45 14 40 38 10 16 4 40 88 19 71 57 41
83 25 21 95 86 48 0 56 25 26 50 99 75 17 48 43 98 12 85 25 32 25 96 84
59 9 97 78 1 39 1 92 72 53 35 5 96 71 86 50 10 91 87 87 96 15 46 43 35
37 95 75 92 32 42 98 99 45 67 28 2 26 98 61 58 41 33 24 88 84 66 65 56
31 61 41 87 68 86 24 48 36 64 97 84 42 64 61 65 37 91 34 16 47 44 8 17
77 97 83 87 8 57 91 97 7 56 0
