20 190 0 76 18 78 16 33 67 47 80 100 56 58 75 8 18 63 82 86 22 30 76 0 4
49 68 76 81 52 74 38 73 95 35 8 10 53 72 19 52 55 18 4 0 66 21 62 19 45
98 96 32 80 79 54 19 91 69 72 45 31 78 49 66 0 80 78 52 13 4 73 2 90 22
78 93 43 63 93 56 35 16 68 21 80 0 74 6 89 77 30 62 23 65 56 19 16 85 25
100 19 33 76 62 78 74 0 99 64 22 15 47 13 16 12 89 47 99 27 71 18 67 81
19 52 6 99 0 74 20 26 89 96 47 39 39 60 83 25 59 77 47 52 45 13 89 64 74
0 15 32 8 95 71 79 45 45 62 93 79 72 80 74 98 4 77 22 20 15 0 25 98 36
99 33 76 19 49 73 7 94 100 38 96 73 30 15 26 32 25 0 10 63 56 69 82 99 9
61 27 18 56 73 32 2 62 47 89 8 98 10 0 20 48 58 62 98 75 82 98 52 58 95
80 90 23 13 96 95 36 63 20 0 14 62 40 9 62 55 70 63 75 35 79 22 65 16 47
71 99 56 48 14 0 46 44 58 13 10 89 3 8 8 54 78 56 12 39 79 33 69 58 62
46 0 40 82 11 86 91 32 18 10 19 93 19 89 39 45 76 82 62 40 44 40 0 67 49
76 31 94 63 53 91 43 16 47 60 45 19 99 98 9 58 82 67 0 44 43 94 25 82 72
69 63 85 99 83 62 49 9 75 62 13 11 49 44 0 36 35 92 86 19 72 93 25 27 25
93 73 61 82 55 10 86 76 43 36 0 29 72 22 52 45 56 100 71 59 79 7 27 98
70 89 91 31 94 35 29 0 58 30 55 31 35 19 18 77 72 94 18 52 63 3 32 94 25
92 72 58 0
